timestamp,model_name,env_name,instruction,action_path,step_count,final_score
2026-01-06_18:35:11,gpt-4o,frozenlake,"Destinations: [(3, 5), (5, 5)]; Map: [['S', 'F', 'F', 'H', 'H', 'H'], ['H', 'H', 'F', 'H', 'H', 'H'], ['H', 'H', 'F', 'H', 'H', 'H'], ['H', 'H', 'F', 'F', 'F', 'G'], ['H', 'H', 'F', 'H', 'H', 'H'], ['H', 'H', 'F', 'F', 'F', 'G']]","[2, 2, 2]",3,0
2026-01-06_18:35:12,gpt-4o,frozenlake,"Destinations: [(3, 5), (5, 5)]; Map: [['S', 'F', 'F', 'H', 'H', 'H'], ['H', 'H', 'F', 'H', 'H', 'H'], ['H', 'H', 'F', 'H', 'H', 'H'], ['H', 'H', 'F', 'F', 'F', 'G'], ['H', 'H', 'F', 'H', 'H', 'H'], ['H', 'H', 'F', 'F', 'F', 'G']]",[1],1,0
2026-01-06_18:35:14,gpt-4o,frozenlake,"Destinations: [(3, 5), (5, 5)]; Map: [['S', 'F', 'F', 'H', 'H', 'H'], ['H', 'H', 'F', 'H', 'H', 'H'], ['H', 'H', 'F', 'H', 'H', 'H'], ['H', 'H', 'F', 'F', 'F', 'G'], ['H', 'H', 'F', 'H', 'H', 'H'], ['H', 'H', 'F', 'F', 'F', 'G']]","[2, 1]",2,0
2026-01-06_18:35:17,gpt-4o,frozenlake,"Destinations: [(3, 5), (5, 5)]; Map: [['S', 'F', 'F', 'H', 'H', 'H'], ['H', 'H', 'F', 'H', 'H', 'H'], ['H', 'H', 'F', 'H', 'H', 'H'], ['H', 'H', 'F', 'F', 'F', 'G'], ['H', 'H', 'F', 'H', 'H', 'H'], ['H', 'H', 'F', 'F', 'F', 'G']]","[2, 2, 1, 2]",4,0
2026-01-06_18:35:21,gpt-4o,frozenlake,"Destinations: [(3, 5), (5, 5)]; Map: [['S', 'F', 'F', 'H', 'H', 'H'], ['H', 'H', 'F', 'H', 'H', 'H'], ['H', 'H', 'F', 'H', 'H', 'H'], ['H', 'H', 'F', 'F', 'F', 'G'], ['H', 'H', 'F', 'H', 'H', 'H'], ['H', 'H', 'F', 'F', 'F', 'G']]","[2, 2, 1, 1, 2]",5,0
2026-01-06_18:35:27,gpt-4o,frozenlake,"Destinations: [(3, 5), (5, 5)]; Map: [['S', 'F', 'F', 'H', 'H', 'H'], ['H', 'H', 'F', 'H', 'H', 'H'], ['H', 'H', 'F', 'H', 'H', 'H'], ['H', 'H', 'F', 'F', 'F', 'G'], ['H', 'H', 'F', 'H', 'H', 'H'], ['H', 'H', 'F', 'F', 'F', 'G']]","[2, 2, 1, 1, 1, 2, 2, 2]",8,0.5
2026-01-06_18:35:33,gpt-4o,frozenlake,"Destinations: [(3, 5), (5, 5)]; Map: [['S', 'F', 'F', 'H', 'H', 'H'], ['H', 'H', 'F', 'H', 'H', 'H'], ['H', 'H', 'F', 'H', 'H', 'H'], ['H', 'H', 'F', 'F', 'F', 'G'], ['H', 'H', 'F', 'H', 'H', 'H'], ['H', 'H', 'F', 'F', 'F', 'G']]","[2, 2, 1, 1, 1, 1, 2]",7,0
2026-01-06_18:35:40,gpt-4o,frozenlake,"Destinations: [(3, 5), (5, 5)]; Map: [['S', 'F', 'F', 'H', 'H', 'H'], ['H', 'H', 'F', 'H', 'H', 'H'], ['H', 'H', 'F', 'H', 'H', 'H'], ['H', 'H', 'F', 'F', 'F', 'G'], ['H', 'H', 'F', 'H', 'H', 'H'], ['H', 'H', 'F', 'F', 'F', 'G']]","[2, 2, 1, 1, 1, 1, 1, 2, 2, 2]",10,1.0
2026-01-06_18:35:52,gpt-4o,frozenlake,"Destinations: [(3, 5), (5, 5)]; Map: [['S', 'F', 'F', 'H', 'H', 'H'], ['H', 'H', 'F', 'H', 'H', 'H'], ['H', 'H', 'F', 'H', 'H', 'H'], ['H', 'H', 'F', 'F', 'F', 'G'], ['H', 'H', 'F', 'H', 'H', 'H'], ['H', 'H', 'F', 'F', 'F', 'G']]","[2, 2, 1, 1, 1, 1, 1, 2, 2, 2]",10,1.0
2026-01-06_18:36:00,gpt-4o,frozenlake,"Destinations: [(3, 5), (5, 5)]; Map: [['S', 'F', 'F', 'H', 'H', 'H'], ['H', 'H', 'F', 'H', 'H', 'H'], ['H', 'H', 'F', 'H', 'H', 'H'], ['H', 'H', 'F', 'F', 'F', 'G'], ['H', 'H', 'F', 'H', 'H', 'H'], ['H', 'H', 'F', 'F', 'F', 'G']]","[2, 2, 1, 1, 1, 1, 1, 2, 2, 2]",10,1.0
2026-01-06_18:36:08,gpt-4o,frozenlake,"Destinations: [(3, 5), (5, 5)]; Map: [['S', 'F', 'F', 'H', 'H', 'H'], ['H', 'H', 'F', 'H', 'H', 'H'], ['H', 'H', 'F', 'H', 'H', 'H'], ['H', 'H', 'F', 'F', 'F', 'G'], ['H', 'H', 'F', 'H', 'H', 'H'], ['H', 'H', 'F', 'F', 'F', 'G']]","[2, 2, 1, 1, 1, 1, 1, 2, 2, 2]",10,1.0
2026-01-06_18:36:17,gpt-4o,frozenlake,"Destinations: [(3, 5), (5, 5)]; Map: [['S', 'F', 'F', 'H', 'H', 'H'], ['H', 'H', 'F', 'H', 'H', 'H'], ['H', 'H', 'F', 'H', 'H', 'H'], ['H', 'H', 'F', 'F', 'F', 'G'], ['H', 'H', 'F', 'H', 'H', 'H'], ['H', 'H', 'F', 'F', 'F', 'G']]","[2, 2, 1, 1, 1, 1, 1, 2, 2, 2]",10,1.0
2026-01-06_18:36:25,gpt-4o,frozenlake,"Destinations: [(3, 5), (5, 5)]; Map: [['S', 'F', 'F', 'H', 'H', 'H'], ['H', 'H', 'F', 'H', 'H', 'H'], ['H', 'H', 'F', 'H', 'H', 'H'], ['H', 'H', 'F', 'F', 'F', 'G'], ['H', 'H', 'F', 'H', 'H', 'H'], ['H', 'H', 'F', 'F', 'F', 'G']]","[2, 2, 1, 1, 1, 1, 1, 2, 2, 2]",10,1.0
2026-01-06_18:36:36,gpt-4o,frozenlake,"Destinations: [(3, 5), (5, 5)]; Map: [['S', 'F', 'F', 'H', 'H', 'H'], ['H', 'H', 'F', 'H', 'H', 'H'], ['H', 'H', 'F', 'H', 'H', 'H'], ['H', 'H', 'F', 'F', 'F', 'G'], ['H', 'H', 'F', 'H', 'H', 'H'], ['H', 'H', 'F', 'F', 'F', 'G']]","[2, 2, 1, 1, 1, 1, 1, 2, 2, 2]",10,1.0
2026-01-06_18:36:43,gpt-4o,frozenlake,"Destinations: [(3, 5), (5, 5)]; Map: [['S', 'F', 'F', 'H', 'H', 'H'], ['H', 'H', 'F', 'H', 'H', 'H'], ['H', 'H', 'F', 'H', 'H', 'H'], ['H', 'H', 'F', 'F', 'F', 'G'], ['H', 'H', 'F', 'H', 'H', 'H'], ['H', 'H', 'F', 'F', 'F', 'G']]","[2, 2, 1, 1, 1, 1, 1, 2, 2, 2]",10,1.0
2026-01-06_18:36:52,gpt-4o,frozenlake,"Destinations: [(3, 5), (5, 5)]; Map: [['S', 'F', 'F', 'H', 'H', 'H'], ['H', 'H', 'F', 'H', 'H', 'H'], ['H', 'H', 'F', 'H', 'H', 'H'], ['H', 'H', 'F', 'F', 'F', 'G'], ['H', 'H', 'F', 'H', 'H', 'H'], ['H', 'H', 'F', 'F', 'F', 'G']]","[2, 2, 1, 1, 1, 1, 1, 2, 2, 2]",10,1.0
2026-01-06_18:37:03,gpt-4o,frozenlake,"Destinations: [(3, 5), (5, 5)]; Map: [['S', 'F', 'F', 'H', 'H', 'H'], ['H', 'H', 'F', 'H', 'H', 'H'], ['H', 'H', 'F', 'H', 'H', 'H'], ['H', 'H', 'F', 'F', 'F', 'G'], ['H', 'H', 'F', 'H', 'H', 'H'], ['H', 'H', 'F', 'F', 'F', 'G']]","[2, 2, 1, 1, 1, 1, 1, 2, 2, 2]",10,1.0
2026-01-06_18:37:11,gpt-4o,frozenlake,"Destinations: [(3, 5), (5, 5)]; Map: [['S', 'F', 'F', 'H', 'H', 'H'], ['H', 'H', 'F', 'H', 'H', 'H'], ['H', 'H', 'F', 'H', 'H', 'H'], ['H', 'H', 'F', 'F', 'F', 'G'], ['H', 'H', 'F', 'H', 'H', 'H'], ['H', 'H', 'F', 'F', 'F', 'G']]","[2, 2, 1, 1, 1, 1, 1, 2, 2, 2]",10,1.0
2026-01-06_18:37:20,gpt-4o,frozenlake,"Destinations: [(3, 5), (5, 5)]; Map: [['S', 'F', 'F', 'H', 'H', 'H'], ['H', 'H', 'F', 'H', 'H', 'H'], ['H', 'H', 'F', 'H', 'H', 'H'], ['H', 'H', 'F', 'F', 'F', 'G'], ['H', 'H', 'F', 'H', 'H', 'H'], ['H', 'H', 'F', 'F', 'F', 'G']]","[2, 2, 1, 1, 1, 1, 1, 2, 2, 2]",10,1.0
2026-01-06_18:37:29,gpt-4o,frozenlake,"Destinations: [(3, 5), (5, 5)]; Map: [['S', 'F', 'F', 'H', 'H', 'H'], ['H', 'H', 'F', 'H', 'H', 'H'], ['H', 'H', 'F', 'H', 'H', 'H'], ['H', 'H', 'F', 'F', 'F', 'G'], ['H', 'H', 'F', 'H', 'H', 'H'], ['H', 'H', 'F', 'F', 'F', 'G']]","[2, 2, 1, 1, 1, 1, 1, 2, 2, 2]",10,1.0
2026-01-06_18:37:39,gpt-4o,frozenlake,"Destinations: [(3, 5), (5, 5)]; Map: [['S', 'F', 'F', 'H', 'H', 'H'], ['H', 'H', 'F', 'H', 'H', 'H'], ['H', 'H', 'F', 'H', 'H', 'H'], ['H', 'H', 'F', 'F', 'F', 'G'], ['H', 'H', 'F', 'H', 'H', 'H'], ['H', 'H', 'F', 'F', 'F', 'G']]","[2, 2, 1, 1, 1, 1, 1, 2, 2, 2]",10,0.5
2026-01-06_18:37:46,gpt-4o,frozenlake,"Destinations: [(3, 5), (5, 5)]; Map: [['S', 'F', 'F', 'H', 'H', 'H'], ['H', 'H', 'F', 'H', 'H', 'H'], ['H', 'H', 'F', 'H', 'H', 'H'], ['H', 'H', 'F', 'F', 'F', 'G'], ['H', 'H', 'F', 'H', 'H', 'H'], ['H', 'H', 'F', 'F', 'F', 'G']]","[2, 2, 1, 1, 1, 2, 2, 2]",8,1.0
2026-01-06_18:37:53,gpt-4o,frozenlake,"Destinations: [(3, 5), (5, 5)]; Map: [['S', 'F', 'F', 'H', 'H', 'H'], ['H', 'H', 'F', 'H', 'H', 'H'], ['H', 'H', 'F', 'H', 'H', 'H'], ['H', 'H', 'F', 'F', 'F', 'G'], ['H', 'H', 'F', 'H', 'H', 'H'], ['H', 'H', 'F', 'F', 'F', 'G']]","[2, 2, 1, 1, 1, 2, 2, 2]",8,1.0
2026-01-06_18:37:59,gpt-4o,frozenlake,"Destinations: [(3, 5), (5, 5)]; Map: [['S', 'F', 'F', 'H', 'H', 'H'], ['H', 'H', 'F', 'H', 'H', 'H'], ['H', 'H', 'F', 'H', 'H', 'H'], ['H', 'H', 'F', 'F', 'F', 'G'], ['H', 'H', 'F', 'H', 'H', 'H'], ['H', 'H', 'F', 'F', 'F', 'G']]","[2, 2, 1, 1, 1, 2, 2, 2]",8,1.0
2026-01-06_18:38:06,gpt-4o,frozenlake,"Destinations: [(3, 5), (5, 5)]; Map: [['S', 'F', 'F', 'H', 'H', 'H'], ['H', 'H', 'F', 'H', 'H', 'H'], ['H', 'H', 'F', 'H', 'H', 'H'], ['H', 'H', 'F', 'F', 'F', 'G'], ['H', 'H', 'F', 'H', 'H', 'H'], ['H', 'H', 'F', 'F', 'F', 'G']]","[2, 2, 1, 1, 1, 2, 2, 2]",8,1.0
2026-01-06_18:38:14,gpt-4o,frozenlake,"Destinations: [(3, 5), (5, 5)]; Map: [['S', 'F', 'F', 'H', 'H', 'H'], ['H', 'H', 'F', 'H', 'H', 'H'], ['H', 'H', 'F', 'H', 'H', 'H'], ['H', 'H', 'F', 'F', 'F', 'G'], ['H', 'H', 'F', 'H', 'H', 'H'], ['H', 'H', 'F', 'F', 'F', 'G']]","[2, 2, 1, 1, 1, 2, 2, 2]",8,1.0
2026-01-06_18:38:21,gpt-4o,frozenlake,"Destinations: [(3, 5), (5, 5)]; Map: [['S', 'F', 'F', 'H', 'H', 'H'], ['H', 'H', 'F', 'H', 'H', 'H'], ['H', 'H', 'F', 'H', 'H', 'H'], ['H', 'H', 'F', 'F', 'F', 'G'], ['H', 'H', 'F', 'H', 'H', 'H'], ['H', 'H', 'F', 'F', 'F', 'G']]","[2, 2, 1, 1, 1, 2, 2, 2]",8,1.0
2026-01-06_18:38:27,gpt-4o,frozenlake,"Destinations: [(3, 5), (5, 5)]; Map: [['S', 'F', 'F', 'H', 'H', 'H'], ['H', 'H', 'F', 'H', 'H', 'H'], ['H', 'H', 'F', 'H', 'H', 'H'], ['H', 'H', 'F', 'F', 'F', 'G'], ['H', 'H', 'F', 'H', 'H', 'H'], ['H', 'H', 'F', 'F', 'F', 'G']]","[2, 2, 1, 1, 1, 2, 2, 2]",8,1.0
2026-01-06_18:38:33,gpt-4o,frozenlake,"Destinations: [(3, 5), (5, 5)]; Map: [['S', 'F', 'F', 'H', 'H', 'H'], ['H', 'H', 'F', 'H', 'H', 'H'], ['H', 'H', 'F', 'H', 'H', 'H'], ['H', 'H', 'F', 'F', 'F', 'G'], ['H', 'H', 'F', 'H', 'H', 'H'], ['H', 'H', 'F', 'F', 'F', 'G']]","[2, 2, 1, 1, 1, 2, 2, 2]",8,1.0
2026-01-06_18:38:40,gpt-4o,frozenlake,"Destinations: [(3, 5), (5, 5)]; Map: [['S', 'F', 'F', 'H', 'H', 'H'], ['H', 'H', 'F', 'H', 'H', 'H'], ['H', 'H', 'F', 'H', 'H', 'H'], ['H', 'H', 'F', 'F', 'F', 'G'], ['H', 'H', 'F', 'H', 'H', 'H'], ['H', 'H', 'F', 'F', 'F', 'G']]","[2, 2, 1, 1, 1, 2, 2, 2]",8,1.0
2026-01-06_18:38:46,gpt-4o,frozenlake,"Destinations: [(3, 5), (5, 5)]; Map: [['S', 'F', 'F', 'H', 'H', 'H'], ['H', 'H', 'F', 'H', 'H', 'H'], ['H', 'H', 'F', 'H', 'H', 'H'], ['H', 'H', 'F', 'F', 'F', 'G'], ['H', 'H', 'F', 'H', 'H', 'H'], ['H', 'H', 'F', 'F', 'F', 'G']]","[2, 2, 1, 1, 1, 2, 2, 2]",8,1.0
2026-01-06_18:38:52,gpt-4o,frozenlake,"Destinations: [(3, 5), (5, 5)]; Map: [['S', 'F', 'F', 'H', 'H', 'H'], ['H', 'H', 'F', 'H', 'H', 'H'], ['H', 'H', 'F', 'H', 'H', 'H'], ['H', 'H', 'F', 'F', 'F', 'G'], ['H', 'H', 'F', 'H', 'H', 'H'], ['H', 'H', 'F', 'F', 'F', 'G']]","[2, 2, 1, 1, 1, 2, 2, 2]",8,1.0
2026-01-06_18:39:00,gpt-4o,frozenlake,"Destinations: [(3, 5), (5, 5)]; Map: [['S', 'F', 'F', 'H', 'H', 'H'], ['H', 'H', 'F', 'H', 'H', 'H'], ['H', 'H', 'F', 'H', 'H', 'H'], ['H', 'H', 'F', 'F', 'F', 'G'], ['H', 'H', 'F', 'H', 'H', 'H'], ['H', 'H', 'F', 'F', 'F', 'G']]","[2, 2, 1, 1, 1, 2, 2, 2]",8,1.0
2026-01-06_18:39:07,gpt-4o,frozenlake,"Destinations: [(3, 5), (5, 5)]; Map: [['S', 'F', 'F', 'H', 'H', 'H'], ['H', 'H', 'F', 'H', 'H', 'H'], ['H', 'H', 'F', 'H', 'H', 'H'], ['H', 'H', 'F', 'F', 'F', 'G'], ['H', 'H', 'F', 'H', 'H', 'H'], ['H', 'H', 'F', 'F', 'F', 'G']]","[2, 2, 1, 1, 1, 2, 2, 2]",8,1.0
2026-01-06_18:39:14,gpt-4o,frozenlake,"Destinations: [(3, 5), (5, 5)]; Map: [['S', 'F', 'F', 'H', 'H', 'H'], ['H', 'H', 'F', 'H', 'H', 'H'], ['H', 'H', 'F', 'H', 'H', 'H'], ['H', 'H', 'F', 'F', 'F', 'G'], ['H', 'H', 'F', 'H', 'H', 'H'], ['H', 'H', 'F', 'F', 'F', 'G']]","[2, 2, 1, 1, 1, 2, 2, 2]",8,1.0
2026-01-06_18:39:20,gpt-4o,frozenlake,"Destinations: [(3, 5), (5, 5)]; Map: [['S', 'F', 'F', 'H', 'H', 'H'], ['H', 'H', 'F', 'H', 'H', 'H'], ['H', 'H', 'F', 'H', 'H', 'H'], ['H', 'H', 'F', 'F', 'F', 'G'], ['H', 'H', 'F', 'H', 'H', 'H'], ['H', 'H', 'F', 'F', 'F', 'G']]","[2, 2, 1, 1, 1, 2, 2, 2]",8,1.0
2026-01-06_18:39:27,gpt-4o,frozenlake,"Destinations: [(3, 5), (5, 5)]; Map: [['S', 'F', 'F', 'H', 'H', 'H'], ['H', 'H', 'F', 'H', 'H', 'H'], ['H', 'H', 'F', 'H', 'H', 'H'], ['H', 'H', 'F', 'F', 'F', 'G'], ['H', 'H', 'F', 'H', 'H', 'H'], ['H', 'H', 'F', 'F', 'F', 'G']]","[2, 2, 1, 1, 1, 2, 2, 2]",8,1.0
2026-01-06_18:39:36,gpt-4o,frozenlake,"Destinations: [(3, 5), (5, 5)]; Map: [['S', 'F', 'F', 'H', 'H', 'H'], ['H', 'H', 'F', 'H', 'H', 'H'], ['H', 'H', 'F', 'H', 'H', 'H'], ['H', 'H', 'F', 'F', 'F', 'G'], ['H', 'H', 'F', 'H', 'H', 'H'], ['H', 'H', 'F', 'F', 'F', 'G']]","[2, 2, 1, 1, 1, 2, 2, 2]",8,1.0
2026-01-06_18:39:43,gpt-4o,frozenlake,"Destinations: [(3, 5), (5, 5)]; Map: [['S', 'F', 'F', 'H', 'H', 'H'], ['H', 'H', 'F', 'H', 'H', 'H'], ['H', 'H', 'F', 'H', 'H', 'H'], ['H', 'H', 'F', 'F', 'F', 'G'], ['H', 'H', 'F', 'H', 'H', 'H'], ['H', 'H', 'F', 'F', 'F', 'G']]","[2, 2, 1, 1, 1, 2, 2, 2]",8,1.0
2026-01-06_18:39:50,gpt-4o,frozenlake,"Destinations: [(3, 5), (5, 5)]; Map: [['S', 'F', 'F', 'H', 'H', 'H'], ['H', 'H', 'F', 'H', 'H', 'H'], ['H', 'H', 'F', 'H', 'H', 'H'], ['H', 'H', 'F', 'F', 'F', 'G'], ['H', 'H', 'F', 'H', 'H', 'H'], ['H', 'H', 'F', 'F', 'F', 'G']]","[2, 2, 1, 1, 1, 2, 2, 2]",8,1.0
